4
0 0 5 0 5 5 0 5
6 36
0.01 0.01 0.01
1 1 1
3.9864422230547 4.0607689035272 4.2502495704733 4.594273363423 5.2276797995168 5.1986623816592 4.6106725687899 4.2464106004538 4.0835030053095 3.9971577598776 4.0724130982692 2.9228104260507 1.9911064154833 1.5543051233806 1.3123568656553 1.1469846685787 1.0651626117855 1.0172098944492 0.99989675474022 1.0415715347916 1.0674208930788 1.1409539072727 1.2956162359642 1.3058663816152 1.1613851247934 1.0563098485125 1.0064665571891 0.99194744719961 1.010693303533 1.0635309726019 1.1694496117268 1.3206581485556 1.533777249983 1.9969419445579 2.9287297716484 4.0491730663495
1 0
2.9881594148835 3.0289460459023 3.1834671249541 3.4584164774292 3.89907701932 4.6381713114488 4.5924419141851 4.2411831184104 4.0521103972005 3.9944872629078 4.0660443726753 4.2364689134315 4.013515345211 3.1365569968307 2.6275700667236 2.3037177635841 2.1425407682312 2.0436372916817 2.0197735663313 2.0395231826566 2.1411829737841 2.0133349459961 1.5657994303959 1.3207012405683 1.1630926144492 1.0920032610438 1.0028730426878 1.0073693274343 1.0390478061273 1.085235332802 1.1685384198061 1.310284380542 1.569055064695 2.026480475112 2.959809025916 3.0177940785561
0 1
2.9966650151402 3.0337744546926 3.210379644519 3.4665537192589 3.9257442391591 3.8945235166116 3.4429086152104 3.1891669042871 3.0164076163826 2.991108179938 3.0410310856933 3.1759883043551 3.4497098123464 3.0929293485906 2.5948685007519 2.301722585812 2.1159601500215 2.0289833509979 1.9837821055799 2.037789533714 2.141278196491 2.3081386157308 2.6117240526648 2.6164211474805 2.3196964616977 2.1463846304832 2.0395125837892 2.0180981109914 2.0364105258216 2.1296626899212 2.3313707218669 2.6146348128884 3.140542528317 3.4569212834187 3.1940438153284 3.0387172849153
-1 0
4.0225590358253 4.0768759428848 4.2642309273845 4.6342444575772 4.6587142212643 3.875772833579 3.4557306735642 3.1724314833713 3.04792908959 2.9992334611514 3.0361114770115 2.8877633074382 1.9821275278376 1.5382510866603 1.2876150714273 1.151188341937 1.0464507242401 1.0109110915844 0.99344847357606 1.0121912335134 1.0445655356381 1.1441245106045 1.2927594662546 1.5302412842533 1.9990068264375 2.1240889996185 2.0468278710174 2.0347596766097 2.0439878291133 2.1576461798662 2.3316651861317 2.6377710711864 3.1369775151886 4.0246608095223 4.2689216206877 4.0797378645684
0 1
4.0114854660129 4.0723327903721 4.2664621633103 3.9671504224031 3.0834047814927 2.5887367541892 2.2976320101626 2.1242449742656 2.0153455085236 1.9795471349149 2.0290400673892 2.1266577295086 1.9823843671699 1.5570294704198 1.2908296231833 1.1632603472382 1.0457800650057 1.0138972765875 0.99343683544011 0.99546518020336 1.0398573014725 1.1405665274611 1.2911196961972 1.544649037677 1.981788592128 2.8852678751222 3.059963901257 3.034245875241 3.0565141218993 3.2288547817485 3.4794753348594 3.9356437446681 4.6691281928635 4.6559740402185 4.2619492104658 4.0767372028642
1 0
3.0041115916571 3.0464548929767 3.1837116094748 3.4566274248342 3.088728001488 2.5997755452925 2.2923568226662 2.1032760178317 2.0238470770481 1.9880929834905 2.0055455904401 2.083824782933 2.2992139659305 2.5880574553995 2.6005081917429 2.3028847569603 2.1169666877136 2.0154545581764 2.0018305280857 2.0300291070912 2.1295820461344 2.3200209711547 2.6085652519987 3.1100733779933 3.4899903333213 3.2109812637243 3.0563168912665 3.0216774684722 3.0644343250774 3.2022868124452 3.4732362664034 3.9401672900823 3.9243648272778 3.465791525783 3.1880536207041 3.0475602569072
1 0
2.0123583658655 2.0209006334596 2.1421551765447 2.3187038036686 2.6181590582228 2.568227117201 2.2726159429217 2.0982277491393 1.9866119403235 1.9593296812993 2.0023579629277 2.0915918952215 2.2594468000833 2.5611184897216 3.0618636856824 3.4390986145987 3.1832420111021 3.0603789161197 2.9986806408615 3.0546831824356 3.2107581867397 3.449996860283 3.9060378440426 3.9535152515244 3.5066669945443 3.2442522416625 3.0872635179062 3.0227153188814 3.0815560241763 3.232181464433 3.5093350708006 3.1003093969669 2.6218681130586 2.3147298718874 2.1493737479579 2.0281100444677
