8
0 0 9 0 9 9 0 9 0 6 4 6 4 4 0 4
15 36
0.01 0.01 0.01
0
7.0082494086647 7.1066205421718 7.4418267853546 8.0756936634755 9.1235631715989 2.6059309213537 2.3163252671196 2.1184742266073 2.0371182893441 1.9921862295474 2.0441378929414 2.1272551377237 2.3113600450554 2.6232910978714 2.6015633668268 2.3239805729978 2.1425388293812 2.0409436882656 1.9892013795419 2.0318854402444 2.1445422793539 2.3143003430793 2.6032829614208 2.6061251317189 2.3096672302479 2.1132388531358 2.0173986275814 2.0116652891403 2.0363938053277 2.1274457222667 2.3008940257137 2.5989259810161 3.1201603613632 3.989860331299 5.8423767194994 7.0938332903145
1 0
6.0148670386591 6.1195760827841 6.4220940691523 6.9518813654735 7.861502205556 9.1058042645297 8.0678629191174 2.1083483340957 2.0063860098212 1.9812707405161 2.0097859524148 2.0888766838979 2.2853543289374 2.587630908695 3.0677940297987 3.4389297813368 3.1679858185735 3.0389501543009 2.982457837199 3.0086999856303 3.1695281410973 3.435477595067 3.1372221585341 2.6324739594476 2.3245694173092 2.1500952917174 2.0459561249739 2.015993366709 2.0641328095279 2.1580117679489 2.3248980031577 2.6395248425092 3.1346320921648 4.0299615911563 5.9077913542417 6.1173002216633
1 1
5.0275178127209 5.099548197587 5.3282669045782 5.7811092610545 6.5382062783585 7.807733282052 6.9210692653945 6.3987615665826 6.0950825919565 0.97969729714795 1.0044645604922 1.0600411465244 1.1553289413897 1.303187819665 1.5254462145727 1.9891389687402 2.9096754547945 4.0661970722591 3.9982450083595 4.0537741833081 4.2437814554677 4.607311091506 4.6750488135386 3.9231726175791 3.4773906258205 3.2002390786705 3.0454292036835 3.0254978292082 3.0510239302263 3.18386989454 3.4577820970315 3.9348518216973 4.6746082154697 5.7894371843537 5.3426235266861 5.0824368406333
1 0
4.0009476722149 4.0957352815744 4.2689637899293 4.6421452421403 5.2511849451204 6.2373737716583 6.9011913837428 6.3632587708656 6.0780529339056 5.9894582019847 6.1007220647043 2.8873599820497 1.9611553419693 1.5109172943767 1.5611408589233 1.984825174907 2.9048566119217 5.0582960752676 4.9828506149 5.0681092206655 5.3090400624629 5.7553019325678 4.6840154700016 3.9220215692658 3.4698273354446 3.2098307438579 3.0436515336018 3.0010622723345 3.0675365727894 3.1943460119709 3.4843952659779 3.9466374076575 4.6641552830859 4.6331923746341 4.2911626684935 4.0791145546721
1 -1
3.0230804670181 3.0539452674211 3.2235376615273 3.4829978263475 3.9340585187804 4.7140720598912 6.0676762850568 7.4579341140169 7.1188592063691 6.9988044893675 7.1114633451277 7.4564996857215 3.9529985481823 3.0698189803494 3.1041036707498 4.0081279251774 5.8523705203062 6.0722415446538 5.9710975555887 6.0749442693169 5.8544494112544 3.985836798189 3.1043345912522 2.6025476038681 2.3139968407326 2.1222719424248 2.0249603605072 1.9908069361348 2.0266715220019 2.1339001947466 2.2898802709244 2.6190434801188 3.1124526307165 3.4737789273986 3.2205278633521 3.0920527616351
1 1
2.018006845761 2.0812599743514 2.1529563607564 2.3549162539344 2.6654431720093 3.1579986384269 4.0840738090972 5.9485075278231 6.092920443931 6.007402197241 6.1168892612172 6.386697620482 6.9333510028646 7.8374053399798 3.8733916319605 3.4138421693571 3.1450617908019 5.7768007130544 6.9568457336015 7.0701458224287 7.4205126401202 5.9856096872141 4.6595539874563 3.9195516932591 3.4629553307843 3.1943495697557 3.0631010158053 3.0032164757732 3.0454206291556 3.1940041770579 3.4640279075154 3.167327819241 2.6669165044704 2.3468797130005 2.1545412635264 2.0619109119496
0 1
2.0446187042111 2.0779079037546 2.1589886885821 2.3472773467813 2.6643494561471 3.180297696856 4.0732308229155 5.3305366118184 5.0645611795613 5.0002554505253 5.0807841307619 5.3171452495647 5.7651701178803 6.5308145883717 7.7692352243856 3.4241984772451 3.1526729028178 3.0123165971678 2.9675338027023 7.0638338078022 7.4139584455911 8.012929682887 6.2555209380795 5.2154657842321 4.6274435342048 4.2677586173644 4.0695993634155 4.0001803380529 4.0582577528771 4.2630479409103 4.0817480296314 3.1746620427799 2.6647569805912 2.3569358706728 2.1716677977797 2.0746838304508
-1 0
3.0442121625252 3.0759092236553 3.2370792059526 3.5111021049368 3.9790482563943 4.7440061102752 5.7493076619245 5.2845687563745 5.0330572840387 4.9584498139953 5.0321652566575 5.300653026979 5.7438765154908 6.4924905817721 2.5463405020736 2.2758108702705 2.0900769143046 1.9809375996451 1.9659253630335 6.0307503354164 6.3441748457747 6.8610779203197 6.2852327735605 5.2528027456117 4.6537420285489 4.2877244147069 4.0811251247286 4.0277412385139 4.0822531355005 4.2992518352466 4.6493020253867 4.7114896996033 3.9951130842419 3.5223475908808 3.2447460898505 3.0965343604099
0 1
3.047965381844 3.0968119494194 3.2239875220289 3.5087283507335 3.9779266463674 4.7532185848408 4.5926619720452 4.2206935303213 4.0538463506854 3.9692186111033 4.0272106512954 4.2292568421573 4.6008294044632 5.1786195333139 6.1914531501886 6.8582707272498 2.0852933150277 1.9777916093871 1.9417244752516 1.98915404523 2.0698595858863 6.8854150792296 7.7844927548798 6.5522433165481 5.7994844208084 5.3503038079832 5.1011814794791 5.0290442882028 5.096628320225 5.3432247828899 5.7999217640399 4.7340605741001 3.9769991975053 3.5099070244227 3.2391780386979 3.0926312990033
1 1
2.0445572068605 2.0780284889173 2.1847621595094 2.3517610370398 2.6688541916241 3.1843518335374 3.4328730859877 3.1655957884102 3.0252320932044 2.9848930451686 3.0191029918141 3.1763481357807 3.447727446427 3.8803656417967 4.6252922045483 5.9639320911376 7.3987637591723 7.0696655977179 6.9749744459585 3.0055821047827 3.1425914722601 3.4162928905533 9.0876886904122 7.8549129780325 6.9650821866044 6.4096331518832 6.1325311927602 6.0241171648387 6.1200275753507 5.9620555626831 4.1026556285653 3.1794376048064 2.6509595615715 2.361900223648 2.1888395796799 2.0764954653371
-1 1
3.0479889600361 3.0827849386908 3.2365784217774 3.5012502810885 3.0724362108629 2.5999907654109 2.279959497295 2.0990368968125 2.0122780509634 1.9772704182289 2.00724735506 2.1100004764525 2.2748414689865 2.5679851951796 3.0806342368379 3.9620065610794 5.7777396813344 6.044187131603 5.9556835936466 5.8909962048899 2.9963250913951 2.2632242995895 2.5431770150867 3.0699967861929 8.1020628862208 7.4737764903337 7.1294128542251 7.0227244512614 7.1259700284857 7.468191347058 6.0919559181057 4.7095713138554 3.9768360543552 3.497149846464 3.236870193353 3.0874575110598
-1 1
4.0333031662768 4.1034086566227 2.8470198588474 1.9424539657022 1.5114267124315 1.2794405796836 1.1329858508089 1.0408556790767 0.98729330290509 0.98609166378097 0.9834517421155 1.0415570319783 1.1094253090205 1.2863158145105 1.5264865161483 1.9419954241303 2.8537557871683 5.0395299636324 4.967844264503 5.0460675532483 5.2867081823766 4.0582133774403 3.1486032069017 2.6478366915177 2.3374840385728 2.8110337819017 8.155427381686 8.0353277552588 8.1295184035315 8.5241321966572 8.066916612478 6.2812824612256 5.2593789072415 4.667710463914 4.2963101469014 4.104588496082
-1 0
5.0483650002987 5.1448819492774 2.8101731644255 1.9261058140321 1.4941471861045 1.2651567332761 1.1242573676105 1.0333016035799 1.0052133988424 0.97264772491523 0.98850928158634 1.0325675573504 1.1273580924669 1.2529243892411 1.5181586025146 1.9536509333592 2.8157380493332 3.9830967161071 3.9479425249674 3.9848748828388 4.1937751370286 4.0727677021641 3.1569368958286 2.6630620122148 2.356870785311 2.1738031438977 2.0655223196201 2.0450899749148 8.1417156142055 8.5645293970165 9.2581063258031 7.8921274782071 6.6215788266471 5.8690367648749 5.3779547408416 5.1229285234906
-1 -1
6.0712779458081 6.1490673448787 5.7591212266088 3.9613893907997 3.0629409857733 2.5846264560428 2.2695306773028 2.1021288083232 2.0140531773636 1.9679278573733 2.005409341837 2.1073914070096 2.3020319868525 2.5820641695918 3.077979515792 3.3933134443366 3.1179300666782 2.9922270246407 2.9428328313736 2.976868106603 2.9969597493317 2.053150200345 1.6044515990402 1.3267645989081 1.1757479788658 1.0978540950074 1.0453637482318 1.007562489698 1.0353893949944 1.0920138509088 1.1755930301299 1.351734966124 7.9105285698143 7.0146425109114 6.4444979568541 6.149626774793
-1 0
7.0799365374311 7.171823366453 5.7566283748937 3.9439415013905 3.0805254223546 2.5884069370183 2.2790452095623 2.1143116964584 2.0058810566969 1.9721340586026 2.0118955126874 2.0994408103291 2.2707345886257 2.5762163939478 2.5305233700744 2.248087746213 2.0856174847091 1.96111590196 1.9336151310091 1.9561266593257 2.0628181071223 2.0485269462193 1.5896706253301 1.333732941973 1.1779377987827 1.0886518375425 1.0365555222726 1.0197528206217 1.0440110995343 1.0934227317992 1.175897200462 1.3436857140646 1.6001405938094 2.0390009166234 7.4997582153486 7.1748496312642
0 1
7.0628427126658 5.725173237807 2.8895182907405 1.9831907376098 1.5456151765796 1.2903672546664 1.1403224173208 1.0425608202203 0.98948258203929 1.0078366678582 1.00092424378 1.0555494123514 1.1420596830283 1.286141907464 1.5389741970626 1.9797556243052 2.0566657998372 1.9664842856467 1.9318289220313 1.9618180950807 2.0645839089636 2.2592968628148 2.5381225676778 2.6157397205397 2.3240836020114 2.1377478065293 2.0233819836477 1.997211434943 2.0436411549868 2.1183470725655 2.3301335344292 2.638200378961 9.2093799731263 8.136512428602 7.5113156445864 7.1623172035701
