8
0 0 9 0 9 9 0 9 0 6 4 6 4 4 0 4
15 100
0.05 0.1 0.1
0
6.905211543428 7.0431946310979 7.0880526495587 7.123801587273 7.1595090871028 7.3930247749459 7.5604126475164 7.7791480688526 7.9578404823239 8.2762556026861 8.6638346596357 9.0965988516402 9.5670492727537 2.7386475064852 2.6487108835883 2.4892981902018 2.3955300378734 2.1858391708147 2.1777840964986 2.1336702162947 2.1199251115057 2.0926398366652 1.9875402291235 2.0535983648706 2.0383423055378 1.9735103191277 1.9992976201362 2.0247104737531 2.0095624260687 2.0622326332668 2.133811822022 2.1994031383494 2.269219651173 2.1986866402178 2.4580172040447 2.4149622598226 2.5230162998043 2.7234774634677 2.685123287726 2.5538505197379 2.4335240676234 2.2038333025348 2.272396164307 2.1559670012149 2.1239118896646 2.1009863717603 2.1208324776194 1.934372457757 1.9778285776406 1.9897556250671 1.9749641983044 2.0827677921359 2.0265007367821 2.0157987780758 2.0122308004722 2.1372860467989 2.0632659893879 2.2233197278066 2.3400483470387 2.3386240600198 2.3881273935237 2.5538869855919 2.7015870415591 2.7788399221505 2.611649392734 2.4952585269574 2.3625776416497 2.2993810644346 2.3221640942273 2.1944317494553 2.1391224231383 2.1191542630658 2.0628282420761 1.9763073860058 1.8908214798135 1.968442087249 1.888492824059 2.0455299542997 1.9647951896697 2.0196066477222 2.1560039268125 2.2167133354078 2.1512688072401 2.3199827488174 2.3464377714574 2.5054180959412 2.6218831867206 2.7995852624295 2.9124259443363 3.1365482748728 3.3965958240034 3.6420015369025 4.2251875816552 4.7127921008295 5.3849059559333 6.430749811585 7.2683816282271 7.0644236338518 7.0594515700372 7.0484530581782
1 0
6.0663200209338 6.0752387204407 6.0767310203565 6.241705971003 6.2487601012777 6.3646066021976 6.425298019 6.6951181895665 6.8944676857861 7.1995102789785 7.5880055416477 7.7907318257852 8.2233464631 8.8679611850954 9.0823690785974 8.6069741623583 8.3379360600502 7.8473476924332 2.1454639490508 2.1188232096288 2.0417654498311 2.0169917454532 1.9826109318716 1.9320493318762 1.8557055651981 1.8821238429126 1.8840563197667 1.9583433391669 1.9289845348535 1.9724105352326 1.8755178776326 2.0297177431709 2.1146363967294 2.2542208589548 2.2554438241768 2.3866761283042 2.5378984895485 2.7100246634876 2.8901898156338 3.0903753029957 3.2857836110332 3.4907118577681 3.371040951777 3.3013468893355 3.1114107161399 3.1063172076547 2.9285385345969 2.938921300695 3.0111592333342 3.0051814467202 2.9840394469172 3.0300786368435 2.9791687195616 3.0465193702382 3.0946726080939 3.0760331324172 3.1903364521204 3.2997780375045 3.3840419192575 3.4906477779517 3.4909566566061 3.2792635055257 3.0569027912315 2.7839472503266 2.610326623077 2.6191927520373 2.5290472623481 2.3931587653429 2.2967745613984 2.2784540539778 2.1478196027165 2.0648009179604 2.0714165834787 2.1531521344947 2.050243999877 2.0971698119513 2.125767067578 2.078365021588 2.1725884001479 2.0995691006558 2.1672489652958 2.2489159921774 2.272909103306 2.4118898954829 2.5729197146973 2.5845753279605 2.6187414889332 2.8897951898559 2.9083716134413 3.1959405959207 3.4848762892694 3.7677389651592 4.3239373195865 4.7365043978099 5.6252212829251 6.3431840660299 6.1919715808329 6.1353811784849 6.0099695775728 6.0689241340805
1 1
5.1666415166934 5.1878744238115 5.2113944732192 5.2810452804213 5.2821977694041 5.4069584069472 5.525867554437 5.7284746186927 5.894268026421 6.1535900251976 6.3171667536614 6.6654890654269 7.0909229280026 7.4692673139934 7.4636884884878 7.1024805633484 6.8751774534999 6.6724138803256 6.4156989503559 6.1719212975862 5.9583757041123 6.0331849320459 0.77015479559626 0.69775095405629 0.74473787555103 0.73248763251961 0.82583522614104 0.83241818050916 0.76128044425169 0.78295998133336 0.88011619172618 0.89359206127363 0.85591200727889 0.90424688628879 0.87668011222494 0.93475717982162 0.99995388193273 1.1025511790385 1.1035595989031 1.0962443663015 1.3461963231742 1.3245969727821 1.6023929609662 1.7576328694705 2.0677446028606 2.5335108401297 3.1423225676453 3.9277303009254 3.8724273095443 3.8830255899928 3.9181278334283 3.8671393968692 3.9076761052636 3.9820322306122 4.0224152472176 4.0449996124636 4.1343828075013 4.2556823907737 4.3788885954206 4.5953098697236 4.75216213927 4.9282958253205 4.7840635377424 4.3911078607045 4.1427955721843 3.9939096219284 3.7444190792792 3.6374798667765 3.5615814142045 3.4571932262112 3.4146375782192 3.3268283102657 3.3112728459951 3.3684161899075 3.1547998965946 3.2926803982257 3.2830232143331 3.2930602335083 3.3048015584256 3.2815723620895 3.3875771745705 3.4224959947815 3.6142897315994 3.6641266992198 3.8274460906231 3.8939423758881 4.1886074720711 4.3944054022805 4.7534720381247 5.0552705072656 5.5498045157492 6.0363583541089 5.9310279057986 5.658669246388 5.559528113702 5.3775088693756 5.2845181472809 5.2225495748491 5.1825886740826 5.1679432236497
1 0
4.1594750992749 4.2097023051007 4.2402465125418 4.2954228786024 4.3829458007433 4.3950436322018 4.4394854515743 4.5869231358097 4.60310354652 4.9066253905154 5.1033941686514 5.3991738452134 5.6715376394974 5.9695269923983 6.490150549981 6.9073027716564 6.5615699903388 6.2976872055031 6.1559462477242 6.0267358844284 5.9406330068515 5.7940057492346 5.6674058710038 5.5514655202507 5.4869910267383 5.5729861783577 5.5929591237088 5.588706263175 5.6097904152415 5.7647349148836 5.8384325992394 2.2989918792881 2.0512221939649 1.8522635410153 1.5358155196341 1.5495155168635 1.2991793062354 1.3178260903907 1.2549247542564 1.1683466757977 1.0596147852654 1.0366289805086 1.219068270612 1.3022892723696 1.5107615543642 1.8960292987883 2.2119912134887 3.0122309060441 4.3140983368119 4.8629629703966 4.9161119793259 4.8735559766101 4.8264914595744 4.9408439906254 5.0482807458502 4.9787933422416 5.3054814024779 5.3170902357978 5.6000164699546 5.776573293147 5.8814212345719 5.3465127336948 4.9691498910296 4.7224824175282 4.4029390311214 4.2344192300997 4.0456164360462 3.8720809040177 3.8778632766919 3.6347414357813 3.5069502317138 3.5183278065141 3.4681535840592 3.5444697223767 3.409203972892 3.3857162863622 3.4587922984412 3.4382586077402 3.5670549491778 3.5120656557504 3.6312140898456 3.7010644534904 3.8644092164344 3.8905845648859 4.106342664706 4.1682145144087 4.4544542705342 4.6272348037321 5.0069325145708 5.3871340441968 5.1267450985197 4.9108533941056 4.6953671663115 4.5972769947839 4.5120636386388 4.3030923256519 4.3260728240119 4.255220586329 4.1729212547851 4.1773370950749
1 -1
3.1680033838864 3.1597242327983 3.2173989086006 3.1990227106801 3.308476087573 3.2954281356356 3.3599464166175 3.5151605495524 3.5394712357859 3.7061186087749 3.8853366510668 4.0804021673884 4.2643633322021 4.5400295782249 4.9316445115074 5.404670553745 5.7761848298548 6.5437279741972 7.2075739751802 7.0085717930876 6.8937172456829 6.8341494656456 6.6439555319951 6.6062832251245 6.5711396645081 6.5550179121805 6.4588390270372 6.5709270276462 6.6721202313203 6.8065477841288 6.9084368882456 7.1105837930835 7.2747280963812 3.7319038526996 3.4214637553042 3.1269834373939 2.8936238252565 2.6262708928286 2.4505035876133 2.4234511719843 2.7133878271772 2.925481791212 3.2465885397595 3.6190847835822 4.2088634933141 5.0718219303235 6.0678388896256 5.8900156249223 5.8514766820929 5.7879346845384 5.9190916255339 5.8803324289871 5.9069744304399 5.9362043826223 6.046403771379 6.1340685763395 6.2649684271842 5.7855991351288 5.0213437325496 4.5303619333218 4.1484458013388 3.8161186434687 3.5332900450076 3.3868826792993 3.1696867763232 3.0696772035831 2.8751914712183 2.7534559365599 2.7513617671786 2.5722784145304 2.5252352753609 2.5060037961676 2.4455338949438 2.4434308263813 2.4311027049983 2.4630541269562 2.5312688025828 2.5057479694611 2.5713105734787 2.5056318320244 2.5638458858862 2.6730327439525 2.764220370639 2.7444403149614 2.9324254275118 3.0587648669198 3.1694146344462 3.3698586542878 3.5476520315125 3.7368051912099 3.8827669302636 3.6949187615801 3.5593237375389 3.4789727917001 3.4243095162871 3.2853798688563 3.2907534458188 3.2255772274238 3.1265907957525 3.1624304660436
1 1
1.9374841035083 1.989406043515 2.0153235587625 1.9710708100339 1.9821460457641 2.0327851195415 2.0941609227081 2.1561211392188 2.2408503316969 2.3368356700828 2.4356707982453 2.5132800237925 2.6925587971046 2.9706030726462 3.0729175910422 3.4648798387117 3.6705875207311 4.1081397988401 4.628171894775 5.4841308735978 5.9399515705182 5.7916296882287 5.7274399269248 5.66497316983 5.6355263788769 5.6076536919952 5.5675367771486 5.6389258118754 5.7607692513212 5.6801272469818 5.8646457620653 6.0822588404787 6.2165549842904 6.4034520799066 6.6712559431502 6.9304232655267 7.3056572344875 7.7278386403497 8.2032041482403 3.9270796359009 3.7999391813868 3.6353075946286 3.5254026323821 3.3884764441841 3.2684176167416 3.2526644930078 3.1158842073868 3.2220418680386 4.7223960419728 7.0325449770436 7.0215426267037 7.1046068093123 7.0534174541571 7.1115877737288 7.2426434697342 7.3505451646196 7.5200800608795 7.7511452589054 7.0728997473681 6.3955572039195 5.8335366126691 5.4185023139578 5.0433811608092 4.6792978189756 4.4383838480954 4.2180760704568 4.0708823864168 3.8493590163303 3.7634869135513 3.6704826906224 3.580409305747 3.50051139013 3.5120576274605 3.383053942108 3.3137494777735 3.327688366656 3.4290175250092 3.4299244679191 3.4735152145727 3.5555919050861 3.585019774095 3.6219828824257 3.8268695312607 3.8838258632932 3.6875536865485 3.3364389414351 3.1552819976743 2.8789577050203 2.7182947452451 2.5089643105676 2.4654855460567 2.2602363647282 2.2777684007499 2.094047606564 2.0842181182241 2.1399279202324 2.1104857464396 2.0556912677745 1.9143486701891 1.9821779772376
0 1
2.2486741436227 2.2134212380247 2.1840020936498 2.0936435638772 2.1836962438577 2.3829394009026 2.3360856534982 2.3806931613775 2.5059657994885 2.599289752379 2.6817120996382 2.8742501256069 2.9883093130664 3.1182960132495 3.4053859984624 3.7336317284376 4.0751309246196 4.6110922645025 5.1706621878328 5.1103132443026 4.9436459893802 4.8253899212526 4.7985533262079 4.822984181935 4.7620184346481 4.6999176200284 4.7038049283406 4.7094431528974 4.8499649588781 4.8445751648203 4.9880983898553 5.0905043030576 5.3391299350521 5.4448415114155 5.6356364162303 5.8877802404432 6.1367777588352 6.4495751336428 6.9244573717714 7.4706038377542 8.0840095177419 7.975724052632 3.1142059537638 3.1117633324166 3.0429477359088 2.9464932504265 2.9528835786393 2.8635110115551 2.8105829705859 2.7865831008427 2.9060178560083 2.8534417834019 6.9809406137064 6.9763957125062 7.0279492844369 7.1370406847186 7.3751695069416 7.5141937879697 7.7589291571598 7.9494128707191 7.2590544922441 6.6757922003106 6.2298235726878 5.8834430778778 5.5579239467907 5.2847160474761 4.9056451411866 4.8046217749401 4.679245012066 4.5848604447546 4.5140509287613 4.3932266351514 4.3501729381384 4.2185541438623 4.2327128407472 4.2789488676612 4.2178570272787 4.3390064281599 4.2927895341666 4.3897521507506 4.4315091279854 4.5456107590911 4.7430468487476 4.5550753015264 4.0083036956122 3.6567645221116 3.5289448981982 3.2097222974746 3.1184095115949 2.7987441799212 2.6912230476835 2.4739061486327 2.5187653896551 2.3358974335421 2.349689650575 2.2887663818028 2.2091668999586 2.1042174731892 2.1481419356309 2.2422209001349
-1 0
3.2403044181711 3.0799792599146 3.1372231874909 3.18466948587 3.226060261545 3.2699162203295 3.3960600791074 3.5018987661618 3.5001799366246 3.8002876760613 3.8870474666453 4.099680057788 4.3353977895233 4.6550330225883 4.8713612073017 5.3768386296693 5.5612660949358 5.2561547112881 5.2058356352639 5.1513077168547 4.9297688892266 4.8833386712324 4.7286508728975 4.7131507786091 4.6557204732766 4.6524178993689 4.7159317015172 4.7202947654836 4.8118395428231 4.8325778547695 4.8790618123576 4.9407572557203 5.1728367075654 5.3071834793789 5.5417109163707 5.7962698009656 6.1632719286447 6.4595105839138 6.8766793029501 2.3748548760109 2.3415819219383 2.2172184023983 2.0600293404882 2.0830821468305 1.9694218314261 1.9329624270774 1.9150312631534 1.8242849837371 1.8189351999607 1.8288646586331 1.8695539261192 1.8471014031826 1.846467883256 5.9995360198634 5.9704074548277 6.1693891435078 6.2368996101827 6.4451783322886 6.5973364296756 6.9843923380892 7.2244477821614 6.7550885324064 6.3260055339476 5.8704474823616 5.6707046699677 5.2926374532367 5.0926557035944 4.9464178727682 4.7943705481297 4.6668473152977 4.5872586180555 4.5164999487706 4.3800558074935 4.3822759302237 4.3559118430589 4.2233929279053 4.273159494194 4.2601381518356 4.3936641424592 4.5123220983523 4.5194033706086 4.5486807102289 4.8255607665698 4.8758038766157 5.0419498258501 5.3160785246452 4.9653907423348 4.6239650899501 4.2228351409375 4.0944967121038 3.8887192545205 3.6625217298132 3.5167831439168 3.3882877108713 3.44065434062 3.2896269383305 3.3112652411103 3.2013437561852 3.1214206019917 3.1324804028339
0 1
3.2612757352091 3.1484543255592 3.2227849764669 3.374255207762 3.2828492992679 3.4378944160489 3.4867550660013 3.5465023739708 3.7026380122153 3.8346023579676 3.9371119048814 4.2740721278722 4.390415561502 4.7966543208504 4.7063299580045 4.5381982998167 4.3562981008378 4.2002629038228 4.0299710817742 3.8554518535148 3.8016103486634 3.7634526747542 3.7718556037463 3.7075530270945 3.6397230944287 3.5289368027081 3.6448007638626 3.709990339498 3.6622734673913 3.7721661756776 3.8482440675979 3.9745671275211 4.1361653127932 4.2324783882892 4.3471676425241 4.4968717850171 4.7898605282223 4.9860699781412 5.3560750413178 5.5687980515666 6.1864852170043 6.8670644266927 6.4809162292053 6.3247560267694 6.152337820111 1.7786741580161 1.8102059941412 1.789653963254 1.8263864963636 1.6788605990994 1.7668182561613 1.7801140842202 1.7656515860835 1.7139469658346 1.8434766889124 1.8268825566608 1.8578355341145 1.9760658749225 2.0166785577543 2.0888323100718 2.0029449097635 7.3069707894851 7.7742060689631 7.2018344784486 6.9625399640819 6.643673809115 6.417794030018 6.1355149119253 5.8593122290141 5.7270297060778 5.6244227039415 5.4678916558674 5.4485257482773 5.3060371821866 5.3476504808689 5.3664396327762 5.4103428827417 5.438742567834 5.4038923548979 5.4922265587997 5.5976808468037 5.7578352991962 5.9454455874508 6.1118515395011 6.2113662652689 5.6288880216897 5.1898613251773 4.8298748593672 4.4334638098678 4.1706953019382 4.0220285459792 3.8014606045574 3.7147896301773 3.5720287460048 3.566094736099 3.5168005878438 3.3931770598291 3.2978333524387 3.2857017337072 3.2475088008888
1 1
2.233724264014 2.1973488384641 2.2378594388138 2.3251189997579 2.2423452255304 2.2750150699666 2.4121058902558 2.3765751489038 2.568802698797 2.5542847166001 2.7129459786931 2.8913441913927 3.0374886279716 3.1067632228063 3.2569728006702 3.1096421459534 2.9677051676356 2.8495763588413 2.7293961372541 2.5749079087463 2.6557251015105 2.5391859633604 2.570523853106 2.4457275203016 2.4631898916741 2.4832645217463 2.5446471927606 2.5265187352598 2.5120813393792 2.4936984306219 2.648912336666 2.7326864910427 2.7809463191615 2.8583450774762 3.0440724740716 3.153620312328 3.3627741435891 3.4589376330161 3.6208773197755 3.9765956691876 4.1855361484792 4.6420163724417 5.1202244482395 5.9169869488555 6.7848649400068 7.169379871704 6.9487268454838 6.9199216884922 6.8011068469417 6.8136662898546 6.788867132466 6.8746116623504 4.0465371947346 2.8456871620298 2.9307959594452 2.944180566798 3.0348476892872 3.031727942533 3.1284705448081 3.3754798361764 3.5260364579715 3.6547552938687 9.4428419194026 8.8660405269837 8.3946371220094 8.0111661743288 7.6354955977987 7.4835839113059 7.20866162945 6.9757948974991 6.7902891034897 6.6972861082967 6.6672188826318 6.5613578003582 6.5601329710098 6.4814493908966 6.5802226588531 6.5621034967797 6.6234029451544 6.6416357660793 6.8371058618291 5.9177961873875 5.2669740572487 4.6688165488193 4.1699333136196 3.6697295680968 3.4616501267991 3.2029459620041 2.9699520309386 2.9075200174852 2.7841490591308 2.6298134984561 2.4599336688396 2.3702866453625 2.388210284793 2.3168205823397 2.2708043407795 2.2560866104602 2.2074070354621 2.284833341102
-1 1
3.2724596411424 3.148927888854 3.2109578711478 3.2119273547639 3.2062260339434 3.4671333407141 3.3729548412324 3.4445876838875 3.3830793231427 3.0977629837948 2.7846831867585 2.6638556683128 2.4404033679853 2.2424461160295 2.0943070045753 2.0809492659647 1.9574504004907 1.8480392961206 1.8412409237795 1.8413697160034 1.7618079920658 1.6607818897277 1.6624971873446 1.609978488295 1.7086272533713 1.6334373931415 1.6335021707209 1.6153354354437 1.6777661579536 1.7047992512731 1.6769336326452 1.7406045999391 1.8671807774417 1.7910836060558 1.9314654842646 1.9930469479263 1.9896601176144 2.2489540644033 2.3909380835032 2.5274377306595 2.7324019079219 2.9994192184801 3.4269012476668 3.8366102805491 4.5324594557972 5.2833402532816 5.9837453286895 5.9083026361155 5.9179009760257 5.7252641968544 5.7607341941177 5.801841159093 5.7663356609616 5.9913199222833 5.4683970921255 4.3976267017395 3.7790747726009 3.2313223380598 2.8906175772353 2.5027063542652 2.3152237663562 2.3303756231898 2.465642931194 2.6511915566386 2.7888804828273 3.1101359477377 3.361481169915 3.6868734043133 8.1170868768596 7.8109851757661 7.6898330422809 7.6316186233861 7.4660578242599 7.5058389066078 7.3326567224357 7.3837765147617 7.4338869582311 7.4639776255406 7.5057186504565 7.5206078365431 7.7270556062116 7.9700965251877 7.5694809912326 6.6906523581628 6.0239416819774 5.4720517698157 5.0048289669616 4.6437259505398 4.3570470748576 4.0399878045696 3.9198948313584 3.754285406911 3.6289874015522 3.4819232934371 3.4234983366185 3.3631210242629 3.2691315769119 3.2110574527804 3.2182894377949 3.2090489426778
-1 1
4.2175352472772 4.2209854142066 4.3352775364536 4.0504914275176 3.1062397485244 2.5242045000442 2.0881352281412 1.8831490043742 1.6115002272138 1.536225942172 1.3585269884941 1.193954443592 1.0720095241185 1.055816793171 0.94551099226629 0.92136907238819 0.89923353899433 0.84965794067315 0.87943455911587 0.84870961467782 0.74509103510129 0.82099250000061 0.79793496201387 0.81539215906631 0.78154666170099 0.78549317806627 0.69047527615496 0.75580347404826 0.78249761918627 0.86650049645919 0.80069373048963 0.78264651558922 0.89019609333843 0.94471834883115 0.93387622819216 0.8818392944468 0.91393739375682 1.0158166434592 1.1939586989091 1.1000391853239 1.3260208455841 1.4171929890576 1.593306699804 1.7133697827645 2.1216898816869 2.6081160474146 3.1117669595018 4.1478321519391 4.7090549613853 4.6992864663559 4.7673742331171 4.6897464480548 4.7441817996241 4.7037411694711 4.8657385824829 4.9649878054348 5.0386028080383 5.1764003545362 4.6101909195685 4.1670381784624 3.7507536207228 3.4801979193022 3.1995170889178 3.0364488409677 2.8693427468242 2.793796354745 2.5848710780494 2.578750488913 2.5579549074739 2.3473816200987 2.3859048643404 2.7419263256462 3.8325218790783 8.3151855384108 8.2048946367255 8.2859227430149 8.2247532668008 8.3097206626815 8.3950800195268 8.5036391300892 8.6683264912688 8.8398253138453 9.0306999935964 8.9268545767209 8.0943479254148 7.3952869376987 6.8214559906837 6.2570549571959 5.9613827225578 5.5771247563698 5.3037529015348 5.0901184217735 4.9369137821358 4.7715329148482 4.6296104862149 4.5630395826731 4.4688292324924 4.4116361983782 4.4230657684478 4.3159731098656
-1 0
5.4611316528015 5.3362860762162 5.4628365510651 3.6620194985683 2.8098917084245 2.1433159591204 1.865092938159 1.6474139805374 1.3994011010632 1.2592495258357 1.1454508026714 1.0384125530764 0.95277560845209 0.87197311693069 0.87783257620159 0.82412927406582 0.85213203008316 0.85677183558362 0.76636212314461 0.79916366360509 0.71043904507774 0.6404934060237 0.73466156382234 0.67892502738563 0.74669953992778 0.75286405192977 0.71135267074523 0.67979359898375 0.72404771519274 0.74304352765635 0.7151102823714 0.70197343549049 0.76805985877749 0.77495684691624 0.87245775895914 0.90412130137873 0.86981619584393 0.90377525747009 0.96861702450068 1.0611447515712 1.2138829228848 1.3276248473403 1.4641520633868 1.6549237686902 1.846980798533 2.2590088319786 2.7984578283835 3.6606623509483 3.6361021678633 3.6645095208369 3.6289042381247 3.5477871885213 3.6648064123585 3.6626091279798 3.6721674379262 3.780630504006 3.930845303086 3.87386003765 4.1437735969517 4.2663350817122 3.9724878226465 3.7062156057 3.3937552278517 3.221928601355 3.0262842620183 2.9040105174051 2.6661963590302 2.7370017149854 2.6326321458111 2.5151506787197 2.3905330672913 2.395966788029 2.3574912309529 2.3135246042144 2.3268345857956 2.353679616875 2.2568806328508 2.3097268591217 8.4470111650378 8.6621048342815 8.7180913547334 8.9435495427816 9.1859669402223 9.4991011478244 9.843368965516 9.2155416426708 8.4381591019741 7.8599055660414 7.4392046662152 6.9927810271353 6.643342224909 6.4933975187798 6.2372256311669 6.0254893329187 5.8196617457084 5.6348608759124 5.6098453510497 5.4877417339896 5.4685023183394 5.5016189726677
-1 -1
6.491857924058 6.5001137458008 6.5519754504454 6.6025486354571 6.5112805915747 5.1837640432863 4.3587419848403 3.6452043863478 3.2877088626855 2.9700896362052 2.7333260210224 2.4440823822165 2.3106864025434 2.2162515266959 2.0478361924914 1.9759219094332 1.9178244667816 1.8481304078934 1.9091317304518 1.677531859239 1.6427505592411 1.6524541951755 1.6606204781662 1.6326154725175 1.687129498237 1.5386306786286 1.5945935741151 1.6092800005729 1.6812953071654 1.6525894157405 1.6295706225665 1.709404134623 1.8049356349503 1.7432570803463 1.885895887705 2.0188679478831 2.0838376598161 2.1862025785084 2.2773230843701 2.4337301767133 2.6785760751986 2.9747308066063 2.8310003938816 2.7704768074987 2.7197115970403 2.6205880873145 2.6042832875086 2.5237456843231 2.4405477984212 2.6171745746282 2.4939003115952 2.4870090425222 2.5526297189383 2.5789452153285 2.6928144762073 2.6300417336602 2.755271272733 2.8954774577535 2.8169291810397 2.5358953587082 2.4485192926087 2.2710619578351 2.1099177316762 1.8753779969607 1.8845516519047 1.7470007619511 1.6740634399662 1.5536977672416 1.5844954903253 1.4824885186864 1.5140698524983 1.4416512299837 1.4291841317699 1.3912605166067 1.4500444057363 1.339459280065 1.3690018850403 1.4145517824203 1.40457504074 1.4849255530349 1.5582533865738 1.5069740767419 1.5172621111551 1.6731129873296 1.6584772858084 1.6898937143684 1.8035044836174 1.8683736182688 8.8491918063087 8.4109461660674 8.0825846326533 7.6296384850674 7.4179369853311 7.1886274114232 6.9708349929253 6.8450086147405 6.6941863184263 6.5421257382389 6.5893923584934 6.4669052337689
-1 0
7.4673683589975 7.3934957425639 7.47428478067 7.4979358890681 6.0710399535251 4.898511368341 4.1130608984832 3.5929630570522 3.2392331413448 2.9057876703478 2.5477994717109 2.3763114377896 2.2711999112138 2.0913798582091 2.0339707320283 1.9021806413719 1.6693930864437 1.7941874591053 1.6424969181756 1.6303904311567 1.623948579225 1.6386107815427 1.506411352644 1.5062499737439 1.4459190994051 1.5729376921015 1.5150353196265 1.5176496306459 1.625478699383 1.5431655469604 1.6234294496206 1.6347519687895 1.6848545481541 1.8325599140143 1.8337524371946 1.8387169899499 2.0121615417274 2.131641721419 2.1603234638238 2.0603398703883 1.9189422043396 1.8857346787365 1.8873876674643 1.7138870632115 1.7123943815489 1.6740010576443 1.6745013448789 1.653680256731 1.5708103804474 1.6034945439233 1.6520227784111 1.6422630870081 1.6444086080321 1.5710575251605 1.6584811971247 1.7182892598531 1.7071159073444 1.7268818958887 1.7880195917357 1.9282804145035 2.0129850773743 2.0237755963722 2.169260801117 1.9713619493006 1.9997425179411 1.8046018443399 1.806987458118 1.6142804673351 1.6329687113438 1.586947929169 1.5214227787976 1.5222573556423 1.4892364623961 1.4608684366878 1.5318991985229 1.484283178237 1.4004193644002 1.5475405044829 1.5223607698894 1.5574268557205 1.5895946726085 1.5929340248667 1.5983313617018 1.6839223647176 1.7507906136163 1.7368461963031 1.9568373520662 2.098604813271 2.2340996166954 2.286000129334 2.50446517367 2.816081586548 8.4698198112648 8.1265597816143 7.9277570225573 7.8068797452064 7.5973146297165 7.5495848708908 7.545144917648 7.5239223535423
0 1
7.4432826375343 5.8539370486721 2.8835460973146 1.9896491798576 1.4230788689425 1.221610938849 0.95367262712705 0.88297083923963 0.71899713923205 0.6411562748585 0.67502091796013 0.62642425540132 0.49445861895724 0.50640317768815 0.4659291817168 0.37368186541073 0.40972875120452 0.43456234011484 0.39263912475238 0.39092896345518 0.39247690006327 0.40051059187099 0.31779973024832 0.2995065714733 0.42930374647918 0.34388417944035 0.40014001894019 0.38090581611323 0.33318749436744 0.29443078082212 0.37519342170254 0.32761188647526 0.36554490702506 0.48041924309735 0.48878266883799 0.39425320777245 0.41421150107493 0.5668660653345 0.42815492336414 0.5671929432334 0.66518968515851 0.65182633581954 0.77303798276599 0.86448040582723 1.0290879242963 1.2341122507441 1.555022653867 1.6475910880223 1.6245242783785 1.5319435718026 1.5412031451341 1.6076016464977 1.6127229225808 1.7335427872104 1.5932689046609 1.7705671765739 1.7394101496588 1.6510920571986 1.8796226560632 1.8057492885343 1.9718713184887 1.9920067185494 2.2053655999887 2.2807201817163 2.5050561760636 2.6517543525673 2.9776639203352 3.036368169399 2.9297055390932 2.8613952499892 2.8271354238807 2.7076773548869 2.6501285074294 2.6737173790565 2.6113944151858 2.7385758436388 2.6927845932322 2.6195523953443 2.5690280751808 2.7304251559701 2.7884919340298 2.816630113184 2.9990388437408 2.9975785988893 3.111740745633 3.2173452206756 3.3685908218327 10.815255238012 10.199316564432 9.5828359907987 9.1603917290405 8.8131662476644 8.4157755356352 8.145316646674 7.9861670058027 7.7442381269273 7.7315127395599 7.6167601327318 7.4116647809532 7.2849209933134
